## ListNet
## Epochs = 1500
## No. of features = 17
1 2 3 4 5 6 7 8 9 10 11 12 13 14 15 16 17
0
0 0 0.3059275493122567
0 1 0.468542632324274
0 2 0.4284706086016989
0 3 -0.04164121027133523
0 4 -0.009962997361504697
0 5 -0.051085195482769304
0 6 -0.10748402492801375
0 7 -0.004868546868369067
0 8 0.011278482875641458
0 9 0.25720825745576237
0 10 0.3429861574530282
0 11 0.3530884228863427
0 12 0.30124943619610234
0 13 -0.043733692199871124
0 14 -0.09999732954573747
0 15 -0.11295554763277683
0 16 0.4364519979850667
0 17 -0.08221179246902466
