## RankNet
## Epochs = 100
## No. of features = 17
## No. of hidden layers = 1
## Layer 1: 10 neurons
1 2 3 4 5 6 7 8 9 10 11 12 13 14 15 16 17
1
10
0 0 0.11088685711535519 -0.11138451550467633 -0.10107558565114627 0.07636647477181296 -0.07691417492606388 0.08091057712120936 0.003566704042955626 0.12386466965112658 0.09617980232250672 -0.06292751186164455
0 1 -0.013697724177123982 -0.1756852712519821 -0.06821494389598905 0.01731595993530473 -0.11998706135264112 -0.08963125014467122 0.10418728363664018 0.1163455869411007 -0.07488182976917859 -0.03190608698808015
0 2 0.13199028392943465 -0.1064531736479582 0.009027403128397851 0.13520313605101494 -0.06955176077463382 -0.0038169367154867245 0.03334355149860635 0.06895141182035128 -0.09065545687663573 -0.08341835938962595
0 3 -0.07495747577925428 0.07493717702879436 -0.05562455525534174 -0.04457032396096879 -0.059218412373900756 0.045578114370402885 -0.02748396931782953 0.043834716972686365 0.09871143731683941 -0.06281996438805097
0 4 -0.05686610062150138 0.02281977328952432 0.08304033953056165 0.0435015429384955 -0.03095991883569279 -0.06841718398991224 -0.029557912558462268 0.015320372265432545 -0.09319965389697937 -0.03491763410812904
0 5 0.0289647976602157 -0.005168311692454307 0.032538307164590566 0.06479603445426475 0.028571914106737404 -0.003834142777899424 -0.056764087358418924 0.00894771616597925 -0.05124011829681907 0.03226637785975771
0 6 -0.06914633636225853 -0.036015272535063765 0.07083940998164956 0.008603844999233628 0.04070641395462658 7.174408321099827E-4 -0.005510629804733934 0.09869267612387575 -0.0569000971335939 -0.052936196870161725
0 7 -0.06069818053287479 0.012327122078519024 -0.042449476659808076 0.00810407787707869 -0.11400573854398645 0.05802326516568522 -0.08792107643619247 0.11366481193654678 -0.023214758455487827 -0.008784253442922142
0 8 -0.059366072929539694 0.0802529439289681 -0.036913043112877034 -0.03355516980081422 0.012483491109825481 -0.07257983468693154 0.08322017294626213 -0.01840241104766508 -0.020415530615421333 -0.08378197009317807
0 9 -0.06061792664174914 -0.028788008707601485 0.07109247242057236 0.04436465310805206 -0.1212721738754495 -0.03815098299549377 0.10234057712391627 0.08915344504864456 -0.001955883984562135 -0.06276976615170844
0 10 -0.0030597073802087417 -0.05034648612453442 0.056888718438399856 0.16514099195034898 -0.10256843685784144 -0.06207271790223084 -0.02820614790101405 0.11598873913321475 0.09008713474285585 -0.015517107552014135
0 11 -0.034251863251541864 9.976076116619402E-4 -0.04244979960350747 0.15686562769438106 -0.11310277481379673 0.05658323871078636 0.03234779729912514 0.0012617540599806647 -0.006426965371698439 -0.049938725097945745
0 12 0.0426027036853108 -0.026638609296078777 -0.05875535757036227 0.06784029620205548 -0.10952350861481933 -0.06914076993050608 0.10332374344709298 0.06793417950569447 0.024098660633182424 0.051659165476726256
0 13 -0.068846155917721 0.08546902540072895 -0.004624348547560003 -0.03809467678824914 -0.013090825174839307 -0.05589609378027301 0.0975007473061015 0.0026292499798498646 0.007422474161555819 -0.04902167204916517
0 14 0.10098238337733668 -0.06323914316752006 0.03833682289769841 0.013266467683869392 -0.06266707603861317 -0.04005317826274167 0.07851080550636014 -0.0033655097996255906 -0.00549282499452679 -0.0053392416050827
0 15 0.024005440790356183 -0.0022773450064105033 0.021899731047882717 -0.015054855889109415 -0.07267469086473345 -0.024597212088320355 0.06634582322128389 0.053442218252313003 -0.039599375714040305 0.02527933338087978
0 16 0.08220151147011708 -0.036817285497500386 0.013208074126871923 -0.007660379358724379 -0.0999806706530698 0.05439638712899224 0.007583379771449448 0.14526807579860762 4.945828351103383E-4 0.0604671454554554
0 17 0.07761831533347091 -0.003573737806368584 -0.005130469441354156 0.05753077615453964 0.012255632360771129 -0.055694406275972594 -0.035101442639820485 0.09418328481142316 -0.06994965687370384 -0.09524318688684665 -0.07637500318021746
1 0 0.11394637960351174
1 1 -0.20687317647764614
1 2 -0.0892358051276454
1 3 0.24608908372408064
1 4 -0.31502957425523354
1 5 -0.028223068805798182
1 6 0.1183095555959578
1 7 0.26341319721678064
1 8 0.003038027358475839
1 9 -0.05799987124735831
