## RankNet
## Epochs = 100
## No. of features = 13
## No. of hidden layers = 1
## Layer 1: 10 neurons
1 2 3 4 5 6 7 8 9 10 11 12 13
1
10
0 0 -0.5622694744920315 1.1962531502465266 -0.31992919260947955 0.49641087247828963 0.9787643519074046 0.9635265044058917 -1.2590154547135368 -1.7154929682271833 -1.507023477159261 -1.271807332267677
0 1 -2.1099179516607354 7.440103271355119 -1.1379313979571963 3.4470963783393542 6.3927941639939885 6.0831477616070195 -4.134300382672001 -5.223350586844919 -4.875223278992013 -3.8552204452087295
0 2 -0.5913058191829828 1.5388273333845341 -0.2606581048966104 0.79225176872832 1.3396909446043443 1.3163658734398382 -1.304192256001411 -1.6230698427434485 -1.5869400777669376 -1.148569311852076
0 3 -0.03002863778624201 0.17263311524724706 -0.0886666022422494 0.1325291843011123 0.10569051689345849 0.040735656616961574 -0.015649670000453433 -0.09721672056635305 -0.0947487259916131 -0.09895309862193122
0 4 0.04385481327438419 -1.6403797543241927 0.10787578405325625 -0.7623669820825728 -1.2879263720703682 -1.2230107560667647 0.2704790031590887 0.20799832908167212 0.2535832877494535 0.13839687986510812
0 5 -1.9907990619452964 7.423917846105649 -1.1487415016530975 3.380118034302364 6.226985008369231 5.929881693683197 -4.242344141658688 -5.0229727612771695 -4.797692736822266 -3.8925082652250484
0 6 0.06768015416298731 -2.219302407132324 -0.008804872859659026 -0.901896231806758 -1.8381663990096453 -1.7729509804282 0.08213788660607083 -0.005940516875716201 -0.04454713300650894 0.02164599732376822
0 7 0.3388884830090899 -3.9301300191751216 0.29447838330921033 -1.7667735668621245 -3.252435701996879 -3.144707554828441 0.601826373141859 0.7695272010201387 0.6638949635968047 0.5915358174678821
0 8 0.38394261472188357 -3.08887506296215 0.2943186446214118 -1.3156760761009854 -2.7313431140968576 -2.4860122367671824 0.5984185550970998 0.676543766358239 0.7255653609970062 0.5786543507395326
0 9 0.1250584607023825 -2.619555185907243 0.03679063529703765 -1.009884002684704 -2.1274867904097676 -2.0325871883284092 0.11487185762183084 0.19368166256468297 0.12682011366705798 0.14650631544788414
0 10 -1.040715221775896 3.9684931191288704 -0.708174879603718 1.8870930889794493 3.207042483119384 3.1808489558466158 -2.3363049321585097 -2.717612313678552 -2.498266375160905 -1.998092993505839
0 11 -0.7219282452189372 1.8778371579009334 -0.4118598625817492 0.8818695177129595 1.5718406559857019 1.5031056584190134 -1.5403204410967604 -1.7565776329153604 -1.5774824374451786 -1.2476331324615328
0 12 -2.471127375285454 8.759324551398262 -1.2756880276572178 4.075265281088802 7.469223939348271 7.09674102057435 -4.832929840503738 -5.926514180675484 -5.546573925021085 -4.5292258176315885
0 13 0.41749940428977605 -4.672880170228458 0.23224621189230132 -2.0155748492709025 -3.799015711198597 -3.7101849001361162 0.6656502256201003 0.7765085314282525 0.7580792936392101 0.567587868131802 -2.090731377376201
1 0 -3.8402323295899317
1 1 8.542912107853896
1 2 -2.481720892861606
1 3 5.342849573616513
1 4 7.748854003735424
1 5 7.5384331630921775
1 6 -6.0647537126543165
1 7 -6.681314903803868
1 8 -6.4603702550082565
1 9 -5.638082888131576
