## RankNet
## Epochs = 100
## No. of features = 13
## No. of hidden layers = 1
## Layer 1: 10 neurons
1 2 3 4 5 6 7 8 9 10 11 12 13
1
10
0 0 1.4145967486461037 3.11495786307544 2.9597911672717383 1.4542380607979657 1.2061158856815193 -2.570216139810374 2.7123778850912643 2.4684439815519403 2.566413663680475 1.880840724759091
0 1 6.325697117177183 15.105447392085289 14.334007083977896 7.5605383317009265 6.059897690657536 -6.798224934707889 12.526524720957083 11.498210287383685 12.612915436461396 8.377252931369558
0 2 1.6612446737776223 4.127447488794829 3.925572546654052 2.0098655662909493 1.7666637939460488 -2.8113134681124357 3.4716663758684843 3.2549644878370634 3.465290354062926 2.501196465672521
0 3 0.062461229643198425 0.2033484831885572 0.2827175220049565 0.0307433057422259 0.018545787657970162 -0.03321753026320455 0.2563091010809603 0.07717602780937512 0.223974556058139 0.18280466261609796
0 4 -1.0129543623995991 -2.3272009130187388 -2.1891584449345234 -1.1825520562341603 -0.9225841172541307 -0.02588954784607923 -1.8069090060976443 -1.7138720305285065 -1.8757498209286958 -1.2694202734837912
0 5 5.931052548931901 14.459132601844818 13.810150425710301 7.224631721766956 5.841952547647732 -6.477446138526769 12.152063054035299 10.85088517414598 12.084630392410913 8.016513103846336
0 6 -1.4077257672484966 -3.6716447146177837 -3.3734032858913325 -1.8518697437249785 -1.4241385284098598 -0.35387470934097626 -2.933875732058795 -2.574989015984659 -3.109845091331985 -1.828295212989819
0 7 -2.7443002971458665 -6.673326197469793 -6.325175254314779 -3.3549826576391353 -2.5715994987193365 0.2989998791238584 -5.563133443496163 -4.894387920845896 -5.495350126494138 -3.565097665155656
0 8 -2.07311810012894 -5.4798974568927745 -5.130414435796726 -2.6455663297133114 -2.0804440485668487 0.5150284849088734 -4.584067268083222 -3.9642430630187078 -4.4806475463229205 -2.8210499196554197
0 9 -1.8828268172012383 -4.663743490840405 -4.318064837686584 -2.2809541605801487 -1.7952825638845802 -0.005730452715067525 -3.8339780179683602 -3.333817434426277 -3.7656926021626833 -2.543968838654838
0 10 2.9759813824853185 7.437666437745643 7.056487147162501 3.650018562861562 2.8641367856671827 -3.530630873754209 6.183147005591781 5.626563175301577 6.165555123125902 4.209586728554557
0 11 1.851315154692577 4.366050250963349 4.202554858171161 2.067530672481355 1.6229603124509966 -2.6518973578053444 3.63843373066041 3.3933113028260133 3.598481734509022 2.529904338908547
0 12 7.1471191248474355 17.176668623441017 16.421199460035673 8.690312260439306 6.785802599923294 -7.485523336560228 14.393997105421107 13.027779320750403 14.301291531140041 9.745578752586475
0 13 -3.2072662388485838 -7.906321240721126 -7.705555927480788 -3.9516535254235867 -3.0733903765759076 0.4961261699729577 -6.749949958033002 -5.8947931648128025 -6.738355197597979 -4.27224509507751 -0.8734402166772143
1 0 8.285504758547107
1 1 14.556198295974905
1 2 14.118908528179675
1 3 9.50398036216351
1 4 8.094110359187054
1 5 -3.7800010510844757
1 6 13.04355348153532
1 7 12.061562063033444
1 8 13.040319846183499
1 9 9.916891150971162
